              precision    recall  f1-score   support

           -       0.90      0.98      0.94      6875
        B-AQ       0.53      0.18      0.27       152
        I-AQ       0.39      0.18      0.24       134
       B-AQB       0.25      0.03      0.05        35
       I-AQB       0.20      0.03      0.05        69
       B-AQL       0.00      0.00      0.00        11
       I-AQL       0.00      0.00      0.00         9
       B-AMT       0.75      0.25      0.38        24
       I-AMT       0.43      0.16      0.24        62
     B-PURCH       0.32      0.14      0.20       114
     I-PURCH       0.41      0.44      0.42       148
      B-SELL       0.23      0.06      0.09        53
      I-SELL       0.36      0.05      0.08        84
      B-STAT       0.50      0.13      0.20        47
      I-STAT       0.21      0.02      0.04       121

    accuracy                           0.87      7938
   macro avg       0.37      0.18      0.21      7938
weighted avg       0.83      0.87      0.84      7938